Total:		765.0

Charged:	157.0	(20.522875816993462%)

Positive:	63.0	(8.235294117647058%)

Lysine:		37.0	(4.836601307189543%)
Arginine:	26.0	(3.3986928104575163%)

Negative:	94.0	(12.287581699346404%)

Aspartate:	43.0	(5.620915032679739%)
Glutamate:	51.0	(6.666666666666667%)

Polar:		283.0	(36.993464052287585%)

Serine:		47.0	(6.143790849673202%)
Threonine:	44.0	(5.751633986928105%)
Tyrosine:	37.0	(4.836601307189543%)
Cysteine:	4.0	(0.522875816993464%)
Asparagine:	38.0	(4.967320261437909%)
Glutamine:	24.0	(3.1372549019607843%)
Histidine:	20.0	(2.6143790849673203%)
Glycine:	69.0	(9.019607843137255%)

Hydrophobic:	325.0	(42.48366013071895%)

Alanine:	65.0	(8.49673202614379%)
Valine:		74.0	(9.673202614379086%)
Phenylalanine:	25.0	(3.2679738562091507%)
Tryptophan:	14.0	(1.8300653594771243%)
Leucine:	58.0	(7.5816993464052285%)
Isoleucine:	40.0	(5.228758169934641%)
Methionine:	14.0	(1.8300653594771243%)
Proline:	35.0	(4.57516339869281%)
